1300837
1301830
1306839
1309860
1313234
1345260
1345261
1345262
1345263
1345264
1345265
1345266
1345267
1345268
1345269
1345270
1345271
1345272
1345273
1345274
1345275
1345276
1345277
1345278
1345279
1350943
1350944
1350945
1351232
1359440
1359441
1359442
1359443
1359444
1359445
1359446
1359447
1359448
1359449
1359470
1359471
1359472
1359473
1359474
1359475
1359476
1359477
1359478
1359479
1359480
1359481
1359482
1359483
1359484
1359485
1359486
1359487
1359488
1359489
1360943
1360944
1360945
1362820
1362821
1362822
1362823
1362840
1362841
1362842
1362843
1363826
1363827
1363828
1363829
1365820
1365821
1365822
1365823
1365824
1366840
1366841
1366842
1366843
1366844
1366845
1366846
1366847
1366848
1366849
1370943
1370944
1370945
1389620
1389621
1389622
1389623
1389624
1389625
1389626
1389627
1389628
1389629
1389630
1389631
1389632
1389633
1389634
1389635
1389636
1389637
1389638
1389639
1389690
1389691
1389692
1389693
1389694
1389695
1389696
1389697
1389698
1389699
1390826
1398350
1398351
1398352
1398353
1398354
1398355
1399650
1399651
1399652
1399653
1399654
1399655
1399656
1399657
1399658
1399659
1399660
1399661
1399662
1399663
1399664
1399665
1399666
1399667
1399668
1399669
1502340
1502341
1502342
1502343
1502344
1502345
1502346
1502347
1502348
1502349
1502540
1502541
1502542
1502543
1502544
1502545
1502546
1502547
1502548
1502549
1502550
1502551
1502552
1502553
1502554
1502555
1502556
1502557
1502558
1502559
1508430
1508431
1508432
1508433
1508434
1508435
1508436
1508437
1508438
1508439
1508440
1508441
1508442
1508443
1508444
1508445
1508446
1508447
1508448
1508449
1512340
1512341
1512342
1512343
1512344
1512345
1512346
1512347
1512348
1512349
1512350
1512351
1512352
1512353
1512354
1512355
1512356
1512357
1512358
1512359
1517880
1517881
1517882
1517883
1517884
1517885
1517886
1517887
1517888
1517889
1517890
1517891
1517892
1517893
1517894
1517895
1517896
1517897
1517898
1517899
1521360
1521361
1521362
1521363
1521364
1521365
1521366
1521367
1521368
1521369
1522360
1522361
1522362
1522363
1522364
1522365
1522366
1522367
1522368
1522369
1522370
1522371
1522372
1522373
1522374
1522375
1522376
1522377
1522378
1522379
1582370
1582371
1582372
1582373
1582374
1582375
1582376
1582377
1582378
1582379
1582630
1582631
1582632
1582633
1582634
1582635
1582636
1582637
1582638
1582639
1582640
1582641
1582642
1582643
1582644
1582645
1582646
1582647
1582648
1582649
1587040
1587041
1587042
1587043
1587044
1587045
1587046
1587047
1587048
1587049
1587050
1587051
1587052
1587053
1587054
1587055
1587056
1587057
1587058
1587059
1592310
1592311
1592312
1592313
1592314
1592315
1592316
1592317
1592318
1592319
1592340
1592341
1592342
1592343
1592344
1592345
1592346
1592347
1592348
1592349
1592380
1592381
1592382
1592383
1592384
1592385
1592386
1592387
1592388
1592389
1888351
1888352
1888354
1888362
1890826
