1300625
1301442
1301443
1301444
1303624
1303625
1304493
1304793
1308611
1308612
1308613
1309703
1309708
1309713
1309736
1309737
1309738
1309739
1311783
1311784
1311793
1312523
1312530
1312531
1313360
1313361
1313393
1315590
1315591
1315592
1315593
1317093
1317099
1317750
1317751
1317752
1317793
1318463
1318464
1318465
1319793
1320703
1320793
1321793
1323703
1323753
1323763
1323793
1324703
1324773
1324783
1324793
1325703
1325793
1326303
1326304
1326393
1330703
1330793
1331703
1331793
1331930
1331931
1331932
1332003
1332013
1333004
1334003
1334008
1334013
1336169
1336173
1336703
1336793
1338703
1338793
1339703
1339793
1340703
1340793
1342650
1342651
1342663
1342664
1342665
1343703
1343793
1347901
1347902
1347903
1347930
1347931
1347932
1347933
1347934
1347935
1347936
1347937
1347938
1347939
1350703
1350793
1351703
1351793
1357630
1357631
1357632
1357633
1357634
1357635
1357636
1357637
1357638
1357639
1357648
1360703
1360793
1361703
1361793
1362703
1362793
1364703
1364793
1365703
1365793
1366703
1366793
1367703
1367704
1367706
1367793
1368483
1368703
1368793
1369480
1369483
1369485
1369489
1369703
1369793
1369801
1369803
1369808
1369843
1369957
1370703
1370793
1375530
1375531
1375532
1375533
1375534
1375535
1375536
1375537
1375538
1375539
1375572
1375573
1375574
1376645
1376646
1376647
1376648
1376649
1376730
1376731
1376732
1376733
1376734
1376735
1376736
1376737
1376738
1376739
1380359
1380793
1387030
1387031
1387032
1387033
1387034
1387035
1387036
1387037
1387038
1387039
1387930
1387931
1387932
1387933
1387934
1387935
1387936
1387937
1387938
1387939
1390703
1390793
1397030
1397031
1397032
1397033
1397034
1397035
1397036
1397037
1397038
1397930
1397931
1397932
1397933
1397934
1397935
1397936
1397937
1397938
1397939
1500703
1500793
1507030
1507031
1507032
1507033
1507034
1507035
1507036
1507037
1507038
1507039
1507930
1507931
1507932
1507933
1507934
1507935
1507936
1507937
1507938
1507939
1510703
1510793
1517035
1517036
1517037
1517038
1517039
1517900
1517901
1517902
1517903
1517904
1517930
1517931
1517932
1517933
1517934
1517935
1517936
1517937
1517938
1517939
1518030
1518031
1518032
1518033
1518034
1518035
1518036
1518037
1518038
1518039
1520703
1527037
1527030
1527931
1527032
1527038
1530703
1530793
1534793
1537425
1537425
1538781
1538782
1538783
1550793
1557919
1557924
1557925
1557926
1557927
1557928
1557929
1557930
1557931
1557932
1557933
1557934
1557935
1557936
1557937
1557938
1557939
1557940
1557941
1557942
1557969
1557980
1557981
1560703
1560793
1567930
1567931
1567932
1567933
1567934
1567935
1567936
1567937
1567938
1567939
1571793
1571793
1572752
1580703
1580793
1587090
1587091
1587092
1587093
1587094
1587095
1587096
1587097
1587098
1587099
1587930
1587931
1587932
1587933
1587934
1587935
1587936
1587937
1587938
1587939
1590703
1590793
1593290
1593291
1593292
1593293
1593294
1594680
1594681
1594682
1594683
1594684
1594685
1594686
1594687
1594688
1594689
1597030
1597031
1597032
1597033
1597034
1597035
1597036
1597037
1597038
1597039
1597930
1597931
1597932
1597933
1597934
1597935
1597936
1597937
1597938
1597939
1880703
