1320955
1320957
1320964
1320965
1320967
1323955
1323957
1325955
1325957
1325959
1325965
1325967
1325969
1328955
1328957
1329955
1329957
1336955
1338955
1338956
1340955
1340957
1346965
1346967
1351923
1351924
1351925
1362953
1362955
1364955
1364958
1372333
1372334
1372335
1373950
1373951
1373952
1373953
1373954
1373955
1373956
1373957
1373958
1373959
1500863
1500865
1500869
1500955
1500957
1500965
1500969
1510955
1510956
1510965
1512185
1512189
1512195
1512199
1520265
1520955
1520965
1522625
1530955
1530956
1534955
1534958
1559505
1559515
1559525
1559546
1559547
1559548
1559549
1559555
1550965
1560955
1560957
1569505
1569509
1580955
1580956
1580965
1580967
1582535
1590955
1590956
1590959
1590965
1780955
1890955
