1300953
1301503
1301523
1302953
1303474
1308474
1308857
1308858
1308859
1313474
1315080
1315081
1315082
1315083
1315084
1315474
1317130
1319059
1319062
1319063
1319064
1319065
1319157
1319158
1320474
1321404
1321474
1322474
1322479
1323474
1323846
1323847
1323848
1324517
1324518
1327474
1328474
1328481
1328482
1329474
1329694
1329695
1330474
1331474
1332714
1333713
1333714
1335474
1338474
1339474
1339488
1348474
1350064
1351474
1351484
1361474
1361484
1362474
1364474
1365474
1366400
1366401
1366404
1366405
1369473
1369474
1370474
1373474
1374740
1374741
1374742
1374743
1374744
1374748
1374749
1375404
1375414
1378944
1378954
1378964
1384740
1384741
1384742
1384743
1384744
1384746
1384747
1384748
1384749
1384843
1384844
1384864
1390474
1394740
1394741
1394742
1394743
1394744
1394745
1394746
1394747
1394844
1394848
1394849
1394859
1394874
1394884
1394894
1500474
1504741
1504742
1504743
1504744
1504829
1504840
1504841
1504842
1504843
1504844
1504845
1504846
1504847
1504848
1504849
1504999
1510474
1510486
1514746
1514747
1514748
1514749
1516470
1516471
1516472
1516473
1516474
1516475
1516476
1516477
1516478
1516479
1520474
1524740
1524741
1524742
1524743
1524744
1524745
1524746
1524747
1524748
1530474
1532674
1532681
1533274
1533283
1533474
1533564
1554001
1554002
1554040
1554041
1554042
1554043
1554044
1554740
1554741
1554742
1554743
1554744
1554745
1554746
1554747
1554748
1554749
1554815
1554816
1554817
1556060
1556061
1556062
1556063
1556064
1556065
1556066
1559850
1559851
1559852
1559853
1560474
1564740
1564741
1564742
1564743
1564744
1564745
1564746
1564747
1564748
1564749
1564890
1564891
1564892
1564893
1564894
1564895
1564896
1564897
1564898
1564899
1569474
1580474
1584740
1584741
1584742
1584743
1584744
1584745
1584746
1584803
1584804
1584805
1584806
1584807
1584840
1584841
1584842
1584843
1584844
1584845
1584846
1584847
1584848
1584849
1584940
1584941
1584942
1584943
1584944
1584945
1590474
1590484
1592445
1592455
1594704
1594757
1594768
1594770
1594777
1890474
