1303130
1303131
1303136
1303137
1304053
1304056
1307035
1307036
1307047
1307049
1309403
1309406
1309508
1309511
1309512
1310904
1310905
1310906
1310907
1310908
1311992
1311999
1312383
1312384
1312385
1312386
1313980
1313992
1313999
1315020
1315021
1315037
1317985
1317992
1317999
1319992
1319999
1320110
1320111
1320112
1320900
1323902
1323904
1323905
1323975
1323978
1323979
1323992
1323999
1327907
1327974
1327975
1327992
1327999
1328904
1328992
1328999
1330992
1330999
1331972
1331973
1331974
1331992
1331999
1332565
1332569
1334548
1336471
1336480
1336481
1336495
1336496
1336904
1336982
1336992
1336999
1337972
1339492
1339499
1339992
1339999
1351994
1351995
1351998
1351999
1356520
1356521
1356522
1356523
1356524
1356525
1356526
1356547
1356548
1356556
1356557
1356572
1357915
1357916
1357917
1357970
1357971
1357972
1357973
1361997
1362999
1364998
1367750
1367751
1367752
1367990
1367991
1367992
1367993
1367994
1367995
1370992
1370999
1377906
1377907
1377908
1377909
1377910
1377911
1377912
1377913
1377914
1377915
1377916
1377917
1377950
1377951
1377952
1377953
1377954
1377955
1377956
1377957
1377958
1380992
1389954
1389955
1389970
1389971
1389972
1389973
1389974
1389975
1389976
1389977
1389978
1389979
1390999
1399937
1399938
1399939
1399957
1399958
1399959
1399970
1399971
1399972
1500160
1500992
1502288
1502289
1502629
1509920
1509921
1509938
1509940
1509941
1509942
1509943
1509944
1510992
1510999
1519922
1519995
1519996
1519997
1519998
1519999
1520992
1520999
1527632
1527633
1527634
1527635
1527636
1527637
1527638
1527639
1527649
1527658
1529900
1529901
1529902
1529903
1529904
1529920
1529921
1529922
1529923
1529924
1529925
1529926
1529927
1529928
1529929
1529932
1529933
1529942
1529981
1529982
1529983
1521487
1530992
1530999
1533798
1559962
1559963
1559964
1559965
1559966
1559967
1559968
1559969
1559999
1555926
1550999
1560992
1560999
1569937
1569938
1569939
1569948
1569949
1580992
1580999
1588694
1588695
1588696
1588697
1588698
1588699
1589410
1589411
1589412
1589413
1589414
1589415
1589416
1589417
1589418
1589419
1589928
1590992
1590999
1598172
1598173
1599925
1599926
1599927
1599928
1599946
1599947
1599948
1599949
1889954
1889955
1890999
1893576
1899958
