1303043
1303044
1308158
1308713
1313482
1315482
1317139
1319095
1319096
1319159
1320482
1320488
1320489
1321480
1321482
1322482
1322483
1323482
1331482
1332702
1333702
1335482
1338482
1339482
1345139
1351482
1362479
1362489
1363479
1364489
1365480
1365482
1365485
1366408
1366409
1366480
1366482
1370479
1373482
1373488
1380048
1380050
1380479
1384793
1384794
1384798
1384799
1384838
1384839
1384869
1394748
1394820
1394821
1394822
1394823
1394824
1394825
1394826
1394827
1394828
1394829
1394862
1394889
1394893
1394897
1394899
1500480
1500481
1500482
1500483
1500484
1500485
1502480
1502481
1502482
1502483
1502484
1502485
1502486
1503480
1503481
1503482
1503483
1503484
1503485
1503486
1503487
1503488
1504820
1504821
1504822
1504823
1504824
1504825
1504826
1504827
1504828
1510482
1510484
1510485
1514826
1514827
1514828
1514829
1514890
1514891
1514892
1514893
1514894
1514895
1514896
1514897
1514903
1514904
1517475
1517476
1517477
1517478
1517479
1520482
1524820
1524821
1524822
1524823
1524824
1524825
1524826
1524827
1524828
1524829
1532682
1533282
1533482
1533484
1533485
1533486
1533562
1537481
1537481
1554000
1554082
1554083
1554092
1554823
1554824
1554888
1554889
1556119
1556120
1556121
1556122
1556123
1556124
1559894
1559895
1559896
1559897
1559898
1559899
1550482
1564820
1564821
1564822
1564823
1564824
1564825
1564826
1564827
1564828
1564829
1564833
1564834
1569092
1580482
1580483
1584980
1584981
1584982
1584983
1590482
1890482
