1340834
1340836
1344019
1345877
1345878
1345879
1350820
1351842
1355040
1355041
1355042
1355043
1355044
1355045
1356865
1356866
1360814
1361817
1362817
1364817
1367834
1368436
1368437
1368438
1369826
1370814
1377860
1377861
1377862
1377863
1377864
1377865
1377866
1377867
1377868
1379560
1379561
1379562
1379563
1379564
1379565
1379566
1388145
1388146
1388147
1388148
1388149
1388150
1388151
1388152
1388153
1388154
1388155
1388156
1388157
1388158
1388159
1388245
1388246
1388247
1389049
1390815
1398028
1398150
1398151
1398152
1398153
1398154
1398155
1398156
1398157
1398158
1398159
1398923
1398924
1398925
1398926
1508225
1508226
1508227
1508228
1508229
1518150
1518151
1518152
1518153
1518154
1518155
1518156
1518157
1518158
1518159
1518340
1518341
1518342
1518343
1518344
1518345
1518346
1518347
1518348
1518349
1518363
1518364
1519615
1519616
1519617
1519618
1519619
1528345
1528342
1580828
1580829
1580834
1582875
1582876
1582877
1582878
1582879
1588150
1588151
1588152
1588153
1588154
1588155
1588156
1588157
1588158
1588159
1588275
1588276
1588345
1588346
1588347
1588348
1588349
1588400
1588401
1588402
1588403
1598340
1598341
1598342
1598343
1598344
1598495
1598496
1598497
1598498
1598499
1898028
1890815
1898150
1898151
