1301511
1301512
1301951
1301952
1302040
1303040
1303041
1303042
1308470
1308850
1308851
1308852
1308853
1308854
1308855
1313470
1313490
1313491
1313492
1313493
1313494
1313495
1313496
1313497
1314528
1315090
1315470
1317114
1317115
1317116
1317117
1317118
1317119
1319076
1319077
1319097
1319098
1319099
1319130
1319131
1319132
1319133
1319134
1320470
1321470
1321498
1321499
1323470
1324084
1324085
1324598
1324599
1327470
1329470
1330470
1331470
1331480
1331481
1331483
1332700
1332701
1334700
1334701
1334702
1334703
1334704
1335470
1335480
1335481
1338470
1339470
1339480
1339481
1345130
1347490
1347493
1347494
1348470
1348850
1350060
1351470
1351480
1360470
1360474
1361470
1361480
1362470
1362480
1363470
1363474
1364470
1364480
1365470
1366470
1367470
1368470
1369470
1370470
1372200
1372201
1372202
1372203
1372210
1373470
1373996
1374700
1374701
1374702
1374703
1374704
1374705
1374706
1374707
1374708
1374709
1375400
1375403
1375410
1378940
1378950
1378960
1378970
1380047
1380470
1384700
1384701
1384702
1384703
1384704
1384705
1384706
1384707
1384708
1384709
1384803
1384804
1384807
1384808
1384809
1384840
1384850
1384860
1384870
1384880
1384890
1390470
1394700
1394701
1394702
1394703
1394704
1394705
1394706
1394707
1394708
1394709
1394807
1394808
1394809
1394830
1394840
1394850
1394860
1394870
1394880
1394890
1500470
1504700
1504701
1504702
1504703
1504704
1504800
1504801
1504802
1504803
1504804
1504805
1504806
1504807
1504808
1504809
1504810
1504811
1504812
1504813
1504900
1504901
1504902
1504903
1504904
1504905
1504906
1504907
1504908
1504909
1504950
1504951
1504952
1504953
1504954
1504955
1504956
1504970
1504971
1504972
1504973
1504974
1504975
1504976
1504977
1510470
1510487
1510488
1510489
1510490
1510491
1510492
1510493
1510494
1510495
1510496
1510497
1510498
1510499
1514705
1514706
1514707
1514708
1514709
1514840
1514841
1514842
1514843
1514844
1514845
1514846
1514847
1514848
1514849
1514855
1514856
1514857
1514858
1514859
1514901
1514902
1514920
1514921
1514922
1514923
1514924
1514925
1514926
1514927
1514928
1514929
1520470
1520490
1520491
1520492
1520493
1520494
1520495
1520496
1520497
1520498
1520499
1524700
1524701
1524702
1524703
1524704
1524705
1524706
1524707
1524708
1524709
1530470
1532670
1532680
1533270
1533280
1533290
1533470
1533480
1533481
1533490
1533491
1533560
1538470
1554006
1554007
1554008
1554009
1554047
1554048
1554049
1554057
1554058
1554059
1554700
1554701
1554702
1554703
1554704
1554705
1554706
1554707
1554708
1554709
1554800
1554801
1554802
1554803
1554804
1554805
1556067
1556068
1556069
1556070
1556071
1556072
1556073
1556074
1556075
1556076
1559889
1559890
1559891
1559892
1559893
1550470
1560470
1564700
1564701
1564702
1564703
1564704
1564705
1564706
1564707
1564708
1564709
1564800
1564801
1564802
1564803
1564804
1564805
1564806
1564807
1564808
1564809
1564835
1564836
1564837
1564838
1564839
1569093
1569470
1580470
1584700
1584701
1584702
1584703
1584704
1584773
1584774
1584800
1584801
1584802
1584809
1584878
1584900
1584901
1584902
1584903
1584904
1584905
1584906
1584907
1584908
1584909
1589480
1589481
1589482
1590470
1590480
1594700
1594710
1594720
1594730
1594740
1594774
1594775
1594776
1594946
1890470
