1300958
1301508
1301528
1301958
1302958
1303478
1308156
1308478
1308846
1308847
1308848
1308849
1313478
1313480
1313481
1315099
1315478
1317132
1317133
1317134
1319078
1319079
1319085
1319086
1319087
1319138
1319139
1320478
1321478
1321488
1321489
1321497
1322478
1322488
1322489
1323478
1323487
1323488
1323489
1328478
1328479
1330478
1331478
1332708
1333700
1333701
1333703
1333708
1335478
1338478
1339478
1339483
1339485
1339486
1339487
1345138
1348478
1350068
1351478
1351488
1360478
1361478
1361488
1362478
1362488
1363478
1364478
1365478
1372218
1374780
1374781
1374782
1374783
1374784
1374785
1374786
1374787
1374788
1374789
1375408
1375418
1378948
1378958
1378968
1378978
1380478
1384780
1384781
1384782
1384783
1384784
1384785
1384786
1384787
1384788
1384789
1384848
1384858
1384868
1384874
1384878
1384884
1390478
1394738
1394780
1394781
1394782
1394783
1394784
1394785
1394786
1394787
1394788
1394789
1394818
1394838
1394839
1394878
1394888
1394898
1500478
1502487
1502488
1502489
1504480
1504481
1504482
1504483
1504484
1504485
1504486
1504487
1504488
1504489
1504705
1504706
1504707
1504708
1504709
1504726
1504727
1504728
1504729
1504789
1504858
1504859
1504880
1504881
1504882
1504883
1504884
1504885
1504886
1504887
1504888
1504889
1504898
1504899
1504939
1504980
1504981
1504982
1504983
1504984
1510478
1513495
1513496
1513497
1513498
1513499
1514780
1514781
1514782
1514783
1514784
1514785
1514786
1514787
1514788
1514789
1514790
1514791
1514792
1514793
1514880
1514881
1514882
1514883
1514884
1514885
1514886
1514887
1514888
1514889
1516480
1516481
1516482
1516483
1516484
1516485
1516486
1516487
1516488
1516489
1520478
1524780
1524781
1524782
1524783
1524784
1530478
1532678
1533278
1533288
1533289
1533478
1533487
1533488
1533489
1533498
1533499
1533561
1533568
1539106
1554080
1554081
1554090
1554091
1554780
1554781
1554782
1554783
1554784
1554785
1554786
1554787
1554788
1554789
1554790
1554827
1554828
1554829
1554830
1556051
1556052
1556053
1556054
1556055
1556056
1556057
1556058
1556059
1559885
1559886
1559887
1559888
1560478
1564780
1564781
1564782
1564783
1564784
1564785
1564786
1564787
1564788
1564789
1564840
1564841
1564842
1564843
1564844
1564885
1564886
1564887
1564888
1564889
1569478
1580478
1584780
1584781
1584782
1584783
1584784
1584785
1584786
1584787
1584788
1584789
1584870
1584871
1584872
1584873
1584874
1584876
1584984
1584985
1584986
1584987
1584988
1584989
1590478
1594728
1594738
1594748
1594754
1890478
