1303057
1303058
1303059
1304494
1304794
1308618
1309701
1309704
1309711
1311785
1311794
1312524
1312532
1312533
1313370
1313371
1313372
1313373
1313394
1313403
1315587
1315588
1315589
1317089
1317094
1317765
1317766
1317767
1317768
1317794
1319782
1319788
1319794
1320704
1320794
1321704
1321794
1323750
1323794
1324704
1324774
1324794
1325794
1326308
1326394
1330704
1330794
1331794
1332004
1332018
1332019
1334018
1334019
1336166
1336167
1336168
1336704
1336794
1338706
1338794
1339702
1339794
1340704
1340794
1342652
1342653
1343704
1343794
1347940
1347941
1347942
1347943
1347944
1350704
1350794
1351704
1351794
1360794
1361704
1361794
1362794
1364704
1364790
1364794
1365704
1365794
1366794
1367794
1368484
1368704
1368790
1368794
1369484
1369704
1369794
1369804
1369959
1370704
1370794
1375590
1375591
1375592
1375593
1375594
1375595
1375596
1375597
1375598
1375599
1376760
1376761
1376762
1376763
1376764
1376765
1376766
1376767
1376768
1376769
1380794
1387040
1387041
1387042
1387043
1387044
1387045
1387046
1387047
1387048
1387049
1387940
1387941
1387942
1387943
1387944
1387945
1387946
1387947
1387948
1387949
1390704
1390794
1397040
1397041
1397042
1397043
1397047
1397048
1397940
1397941
1397942
1397943
1397944
1397945
1397946
1397947
1397948
1397949
1500794
1507042
1507043
1507044
1507045
1507046
1507047
1507048
1507049
1507940
1507941
1507942
1507943
1507944
1507945
1507946
1507947
1507948
1507949
1510704
1510794
1517940
1517941
1517942
1517943
1517944
1517945
1517946
1517947
1517948
1517949
1530704
1530794
1534794
1538794
1550794
1560794
1567940
1567941
1567942
1567943
1567944
1567945
1567946
1567947
1567948
1567949
1571794
1571794
1572750
1580704
1580794
1587075
1587076
1587077
1587078
1587079
1587980
1587981
1587982
1587983
1587984
1587985
1590704
1590794
1593295
1593296
1593297
1593298
1593299
1594690
1594691
1594692
1594693
1594694
1594695
1594696
1594697
1594698
1594699
1597955
1597956
1597957
1597958
1597959
1880794
1890704
1897041
