1300286
1301815
1302073
1302286
1303642
1303643
1303654
1303655
1303811
1306014
1306015
1307910
1307911
1307912
1307913
1307914
1307915
1307916
1307917
1307918
1307919
1308644
1308659
1308817
1308831
1310805
1310806
1310830
1311802
1311803
1311843
1311844
1315460
1315860
1315861
1315862
1318345
1318360
1318361
1319492
1319825
1319826
1319842
1319886
1320830
1321933
1321934
1321935
1321936
1321937
1321938
1322837
1322843
1328160
1328161
1328162
1328163
1328164
1328165
1328166
1328167
1330908
1332074
1332078
1333074
1333078
1334074
1334078
1335013
1335014
1335081
1337825
1337826
1338828
1338829
1339826
1339827
1339828
1339829
1340409
1340820
1340830
1343858
1343859
1344005
1345870
1345871
1345872
1345873
1350803
1351837
1351838
1354097
1354098
1354148
1354149
1354158
1354159
1354734
1354735
1354736
1354737
1354834
1354835
1354836
1354837
1355087
1355088
1355089
1355166
1355172
1355173
1356812
1356813
1356814
1356815
1356862
1356863
1360828
1361904
1362904
1364904
1365904
1367830
1367967
1367968
1367969
1368820
1368821
1369610
1369611
1369815
1369816
1370098
1370828
1377844
1379574
1379597
1380083
1380828
1388270
1388271
1388272
1388273
1388274
1388275
1388276
1388277
1388278
1388279
1389041
1390908
1398024
1398025
1398240
1398241
1398242
1398243
1398244
1398245
1398246
1398247
1398248
1398249
1398270
1398271
1398272
1398273
1398274
1398275
1398276
1398277
1398278
1398279
1398912
1398913
1508205
1508206
1508207
1508208
1508209
1510818
1510819
1518140
1518141
1518195
1518196
1518197
1518198
1518199
1518250
1518251
1518300
1518301
1518302
1518303
1518304
1518305
1518306
1518307
1518308
1518309
1528306
1530908
1532830
1532831
1532832
1532833
1532834
1532840
1534820
1534821
1534822
1538657
1535129
1560908
1567694
1567695
1567696
1567697
1568024
1568025
1568152
1568153
1568154
1568155
1568156
1568157
1568158
1568159
1580830
1580848
1580849
1588140
1588141
1588195
1588196
1588197
1588198
1588199
1588300
1588301
1588302
1588303
1588304
1588305
1588306
1588307
1588308
1588309
1588415
1588416
1588417
1588418
1588419
1588478
1588479
1589290
1589291
1589292
1589293
1589294
1590826
1590836
1590846
1592828
1592829
1598300
1598301
1598302
1598303
1598304
1598400
1598401
1598402
1598403
1598404
1598442
1598443
1888157
1890908
