1300770
1302770
1308620
1308621
1308622
1310754
1310756
1310757
1311975
1311977
1311979
1312371
1312377
1312378
1312379
1313900
1313901
1313902
1313903
1313917
1313918
1319570
1319571
1319572
1320975
1320976
1320977
1320979
1329987
1330977
1330979
1332760
1332761
1336977
1336979
1338977
1338979
1351979
1361977
1361979
1363977
1363979
1370977
1370979
1373467
1373469
1389705
1389706
1389707
1389708
1389709
1389717
1389719
1389727
1389729
1389737
1389757
1389759
1389776
1389777
1390977
1390979
1399737
1399739
1399747
1399749
1500367
1500977
1500979
1510977
1520257
1520977
1520979
1530977
1530979
1534977
1534979
1550977
1560977
1560979
1569537
1569539
1580977
1580979
1589707
1589709
1589727
1590977
1590979
1890977
1890979
1891958
1891959
1893556
