1345250
1345251
1345252
1345253
1345254
1345255
1345256
1345257
1345258
1345259
1350946
1351231
1359450
1359451
1359452
1359453
1359454
1359455
1359456
1359457
1359458
1359459
1360946
1360947
1362824
1362825
1362826
1362827
1363822
1363823
1363824
1363825
1364845
1364846
1364847
1364848
1364849
1365825
1365826
1365827
1365828
1365840
1365841
1365842
1365843
1365844
1365845
1365846
1365847
1365848
1365849
1370946
1370947
1389650
1389651
1389652
1389653
1389654
1389655
1389656
1389657
1389658
1389659
1389660
1389661
1389662
1389663
1389664
1389665
1389666
1389667
1389668
1389669
1389670
1389671
1389672
1389673
1389674
1389675
1389676
1389677
1389678
1389679
1390825
1398330
1398331
1398332
1398333
1398334
1398358
1398359
1399670
1399671
1399672
1399673
1399674
1399675
1399676
1399677
1399678
1399679
1399680
1399681
1399682
1399683
1399684
1399685
1399686
1399687
1399688
1399689
1502350
1502351
1502352
1502353
1502354
1502355
1502356
1502357
1502358
1502359
1502560
1502561
1502562
1502563
1502564
1502565
1502566
1502567
1502568
1502569
1509580
1509581
1509582
1509583
1509584
1509585
1509586
1509587
1509588
1509589
1512360
1512361
1512362
1512363
1512364
1512365
1512366
1512367
1512368
1512369
1517875
1517876
1517877
1517878
1517879
1521370
1521371
1521372
1521373
1521374
1522380
1522381
1522382
1522383
1522384
1522385
1522386
1522387
1522388
1522389
1580360
1580361
1580362
1580363
1580364
1580365
1580366
1580367
1580368
1580369
1582365
1582366
1582367
1582368
1582369
1582620
1582621
1582622
1582623
1582624
1582625
1582626
1582627
1582628
1582629
1592365
1592366
1592367
1592368
1592369
1592375
1592376
1592377
1592378
1592379
1890825
1898334
1898358
1899686
