1300641
1302641
1303644
1303660
1303661
1305641
1305660
1305661
1308647
1308648
1308838
1309602
1309607
1309625
1309641
1310820
1310843
1311834
1311835
1311836
1315494
1315495
1315496
1315876
1315877
1318364
1318365
1318366
1319476
1319834
1319835
1319836
1319862
1319870
1320837
1321945
1321973
1321974
1321975
1321976
1322840
1332093
1332095
1333093
1333095
1334093
1334095
1335043
1335052
1335053
1335070
1335071
1337835
1337836
1338824
1338825
1339814
1340406
1340407
1343860
1343861
1344016
1345875
1345876
1350807
1351840
1354096
1354765
1354766
1354767
1354768
1354769
1354822
1354823
1354824
1355050
1355051
1355052
1355053
1355054
1355055
1356824
1356825
1356830
1356831
1360816
1361819
1362814
1364813
1364814
1365814
1367821
1367964
1367965
1367966
1368824
1368825
1369607
1369608
1369837
1370816
1377880
1377881
1377882
1377883
1377884
1377885
1377886
1377887
1377888
1377889
1379550
1379551
1379552
1379553
1379554
1380816
1389030
1389031
1389032
1389033
1389034
1389035
1389036
1389037
1389038
1389039
1390903
1398036
1398037
1399030
1399031
1399032
1399033
1399034
1399035
1399036
1399037
1399038
1399039
1508232
1508233
1508234
1508235
1518220
1518221
1518222
1518223
1518224
1518330
1518331
1518332
1518333
1518334
1519645
1519646
1519647
1519648
1519649
1530903
1532874
1532875
1532876
1532877
1532878
1560903
1568036
1568037
1588330
1588331
1588332
1588333
1588334
1588430
1588431
1588432
1588433
1588434
1589270
1589271
1589272
1589273
1589274
1598330
1598331
1598332
1598333
1598334
1598430
1598431
1598432
1598433
1598434
1888217
1888217
1880820
1890903
1898037
