1300385
1300386
1301590
1301596
1301597
1301598
1301599
1302385
1302386
1303081
1303082
1303083
1303085
1303086
1304301
1304302
1304303
1304594
1304690
1304691
1305530
1305531
1305568
1305569
1305594
1306213
1306214
1306215
1306229
1310795
1310796
1310797
1310798
1310799
1311055
1311056
1311069
1311594
1312327
1312328
1312329
1312405
1312406
1315933
1315944
1315945
1316386
1316485
1316486
1317454
1317455
1317456
1317465
1317805
1317806
1317813
1317819
1317823
1317824
1319440
1319441
1319442
1319443
1319444
1320594
1321505
1321508
1322506
1322509
1323507
1323508
1323594
1325501
1327594
1327692
1328509
1329083
1329593
1330504
1330594
1331395
1331396
1332836
1332837
1332882
1332883
1332884
1333850
1333851
1333852
1334048
1334049
1334830
1334831
1334832
1335851
1335852
1335853
1336593
1336594
1337505
1337506
1337594
1337695
1338594
1338690
1338691
1338692
1339594
1345905
1345906
1345907
1345908
1345909
1351404
1351405
1351592
1351593
1355938
1355939
1355980
1355981
1355982
1359900
1359901
1359902
1359945
1359946
1359947
1359948
1359949
1359955
1359985
1359986
1359987
1359988
1359989
1360750
1360751
1360752
1360753
1360754
1361593
1361598
1361599
1362690
1362691
1362692
1362693
1364698
1364699
1365698
1365699
1366690
1366691
1366692
1366693
1366694
1370605
1370606
1370607
1370608
1370609
1379900
1379901
1379960
1379961
1379962
1379963
1379964
1379965
1379966
1379967
1379968
1379969
1380856
1380857
1380858
1380859
1385020
1385021
1385022
1385023
1385024
1385025
1385026
1385027
1385028
1385029
1385980
1385981
1385982
1385983
1385984
1385985
1385986
1385987
1385988
1385989
1386090
1386091
1386092
1386093
1386094
1386095
1386096
1386097
1386098
1386099
1390504
1390594
1395070
1395071
1395072
1395073
1395074
1395075
1395076
1395077
1395078
1395079
1395950
1395951
1395952
1395953
1395954
1395955
1395956
1395957
1395958
1395959
1506030
1506031
1506032
1506033
1506034
1506035
1506036
1506037
1506038
1506039
1508010
1508011
1508012
1508013
1508014
1508015
1508016
1508017
1508018
1508019
1508035
1508036
1508037
1508038
1508039
1510590
1510591
1510592
1510593
1510594
1516020
1516021
1516022
1516023
1516024
1516025
1516026
1516027
1516028
1516029
1516045
1516046
1516047
1516048
1516049
1526091
1526027
1530594
1530606
1533750
1534593
1539594
1535977
1560501
1560594
1565939
1565954
1565955
1565956
1565957
1565958
1565959
1566503
1566581
1586000
1586001
1586002
1586003
1586004
1586005
1586006
1586007
1586008
1586009
1588030
1588031
1588032
1588033
1588034
1589205
1589206
1589207
1589208
1589209
1595940
1595941
1595942
1595943
1596050
1596051
1596052
1596053
1596054
1598034
1598035
1598036
1885099
1885095
