1300283
1300284
1302283
1302284
1303646
1303822
1308434
1308638
1308816
1309283
1310825
1310845
1311820
1311821
1311822
1315848
1315873
1318357
1318358
1319480
1319816
1319841
1319865
1320825
1321920
1321921
1321922
1321923
1322829
1322849
1325848
1328178
1328179
1330906
1332063
1332064
1333063
1333064
1334063
1334064
1335020
1335021
1335062
1337821
1338835
1339822
1340815
1340825
1344008
1345815
1345816
1350821
1351836
1354141
1354743
1354774
1354775
1354776
1354777
1354778
1354779
1355077
1355078
1355079
1355176
1355897
1356870
1356871
1356872
1356873
1361908
1362908
1364908
1367825
1368442
1368443
1368444
1369835
1377870
1377871
1377872
1377873
1377874
1379575
1379587
1379588
1380082
1380826
1388250
1388251
1388252
1388253
1388254
1388255
1388256
1388257
1388258
1388259
1390906
1398018
1398250
1398251
1398252
1398253
1398254
1398255
1398256
1398257
1398258
1398259
1508252
1508253
1508254
1508255
1508256
1508257
1508258
1508259
1510810
1510811
1510812
1518190
1518191
1518192
1518193
1518194
1518252
1518253
1518254
1518255
1518256
1518257
1518258
1518259
1519690
1519691
1519692
1519693
1519694
1530906
1532850
1532851
1532852
1532853
1538836
1560906
1568018
1580825
1582885
1582886
1582887
1582888
1582889
1582895
1582896
1582897
1582898
1582899
1588190
1588191
1588192
1588193
1588194
1588250
1588251
1588252
1588253
1588254
1590830
1590840
1598250
1598251
1598252
1598253
1598254
1598255
1598256
1598257
1598258
1598259
1598305
1598306
1598307
1598308
1598309
1890906
