1301418
1301419
1304296
1307930
1307931
1307932
1307938
1308596
1309937
1309939
1311937
1311945
1311946
1313937
1313947
1313948
1313949
1315019
1319590
1319591
1319594
1319597
1319598
1320947
1320948
1323940
1323946
1329934
1330947
1332126
1335937
1339942
1339947
1351907
1351937
1351947
1351948
1390937
1390947
1399370
1399371
1399372
1399373
1399374
1399375
1399376
1399377
1399378
1399379
1500937
1500947
1500948
1500949
1509565
1509566
1509567
1509568
1509721
1509722
1509723
1509724
1510170
1510171
1510172
1510173
1510174
1510175
1510176
1510937
1519349
1519370
1519371
1519372
1519373
1519374
1519375
1519376
1519377
1519378
1519379
1533700
1533704
1534490
1534937
1534945
1559348
1559349
1559370
1559371
1559372
1559373
1559374
1559375
1559376
1559377
1580937
1889363
