1301410
1310947
1320937
1320940
1320942
1323937
1323949
1330937
1332129
1332137
1335939
1336937
1336947
1338937
1338943
1338947
1339937
1339940
1380937
1383014
1383015
1383016
1383017
1383018
1383019
1383070
1383071
1383072
1383073
1383074
1383075
1383076
1383077
1383078
1383079
1389370
1389371
1389372
1389373
1389374
1389375
1389376
1389377
1389378
1389379
1530937
1530942
1533937
1533942
1533948
1533949
1533977
1533988
1535220
1534900
1534906
1534907
1550937
1560937
1560948
1569370
1569371
1569372
1569373
1569374
1569377
1569378
1569379
