1310945
1315017
1319595
1319599
1320945
1323935
1330945
1332125
1335930
1338945
1339945
1339948
1351905
1351935
1351945
1351946
1361935
1362935
1363935
1364935
1365934
1365935
1367935
1367936
1368935
1368945
1373935
1373936
1380935
1383050
1383051
1383052
1383053
1383054
1383055
1383056
1383057
1383058
1383059
1388408
1388409
1388450
1388451
1388452
1388453
1388454
1388455
1388456
1388457
1388458
1388459
1389350
1389351
1389352
1389353
1389354
1389355
1389356
1389357
1389358
1389359
1390935
1390945
1399350
1399351
1399352
1399353
1399354
1399355
1399356
1399357
1399358
1399359
1500935
1500944
1500945
1502595
1502599
1509545
1509560
1509561
1509562
1509563
1509700
1509701
1509702
1509703
1509704
1510135
1510136
1510137
1510138
1510139
1510191
1510192
1510935
1510945
1519350
1519351
1519352
1519353
1519354
1519355
1519356
1519357
1519358
1519359
1530945
1533945
1533971
1559357
1559358
1559359
1560945
1569353
1569355
1569356
1569357
1580935
1580945
