1301315
1303315
1303548
1304557
1305325
1306325
1308315
1308325
1308343
1309333
1309548
1313548
1314562
1315562
1316761
1317012
1319562
1320562
1321562
1322562
1327562
1328562
1329562
1330562
1332912
1333562
1333912
1333925
1334562
1335562
1336562
1338562
1339562
1339962
1348562
1351562
1360562
1361562
1363562
1364562
1365562
1368562
1370562
1373187
1385620
1385621
1385622
1385623
1385624
1385625
1385626
1385627
1385628
1385629
1386562
1386650
1386651
1386684
1386685
1390562
1395590
1395591
1395592
1395593
1395594
1395624
1395625
1396520
1396521
1396522
1396523
1500562
1505620
1505621
1505680
1505681
1510562
1515620
1525660
1525661
1525662
1525663
1530562
1534562
1538562
1550562
1560562
1565620
1565621
1565622
1565623
1565624
1565625
1565626
1565627
1565628
1565629
1566562
1569562
1580562
1590562
1595620
1595621
1595622
1890562
