1305646
1305647
1308653
1310837
1311180
1315440
1315841
1320814
1321984
1330904
1332067
1335044
1340837
1343879
1344017
1351843
1354099
1354156
1354157
1354773
1354838
1354839
1355148
1355165
1355177
1355857
1355858
1355859
1356878
1356879
1361814
1367837
1368439
1369817
1377847
1377869
1379579
1388248
1388249
1390904
1399040
1399041
1399042
1399043
1399044
1508250
1508251
1510816
1510817
1518370
1518371
1518372
1519620
1519621
1528371
1530904
1538768
1538845
1558308
1558306
1560904
1580837
1588407
1588408
1588409
1598370
1598371
1598372
1598470
1598471
1598472
1890904
